0000000001010111
0000000001110101
0000000010010011
0000000010011000
0000000010111001
0000000001110101
0000000001101000
0000000001111110
0000000001011110
0000000000100100
0000000001100101
0000000001000001
0000000001001111
0000000000001101
1111111111001101
0000000000000000
0000000000001110
1111111110110100
1111111111101111
1111111110011110
1111111111101000
1111111111000000
1111111111010111
1111111111101110
1111111111011111
1111111111111000
0000000000111001
0000000000010101
0000000000111101
1111111111110100
1111111111110010
0000000000101011
0000000000111110
0000000000010010
0000000001001011
1111111111101110
1111111111001111
1111111111010110
1111111111001111
1111111110111111
1111111110101111
1111111110011010
1111111110011001
1111111110111000
1111111110010000
1111111101011010
1111111101110000
1111111101110110
1111111101010010
1111111101011101
1111111110010101
1111111110010001
1111111110101000
1111111111000010
0000000000100000
0000000000110011
0000000000001001
0000000010010101
0000000000111101
0000000010010000
0000000010011111
0000000011000010
0000000011100010
0000000011010011
0000000010110000
0000000010101001
0000000100100101
0000000011001110
0000000011010110
0000000010110110
0000000010011110
0000000010010110
0000000001101010
0000000000101011
0000000000101110
1111111110111011
1111111111010101
1111111110101011
1111111101101100
1111111100110110
1111111100111001
1111111100010001
1111111100111101
1111111100001001
1111111100010111
1111111101001100
1111111100111110
1111111101101111
1111111101011011
1111111100111011
1111111110110010
1111111110011001
1111111110111010
1111111111000001
1111111111011011
0000000001110000
0000000000000011
0000000001111011
0000000001101000
0000000001110011
