00000000000000000000010101110000
00000000000000000000110011000000
00000000000000000001010111110000
00000000000000000001111101110000
00000000000000000010101100000000
00000000000000000011001001010000
00000000000000000011100011010000
00000000000000000100000010110000
00000000000000000100000100100000
00000000000000000011110000010000
00000000000000000011100100110000
00000000000000000011001111000000
00000000000000000010110100100000
00000000000000000010011010100000
00000000000000000001110011110000
00000000000000000001010100010000
00000000000000000001000000010000
00000000000000000000100100010000
00000000000000000000000110110000
11111111111111111111011110000000
11111111111111111111000100010000
11111111111111111110110001000000
11111111111111111110110011100000
11111111111111111110101111000000
11111111111111111110100011010000
11111111111111111110110100010000
11111111111111111111000110110000
11111111111111111111100100100000
11111111111111111111111001110000
00000000000000000000000110110000
00000000000000000000001101100000
00000000000000000000011100110000
00000000000000000000110100100000
00000000000000000000111011000000
00000000000000000000111111100000
00000000000000000000110101110000
00000000000000000000011010010000
00000000000000000000010010110000
00000000000000000000001010000000
11111111111111111111101111000000
11111111111111111111001011010000
11111111111111111110101101010000
11111111111111111110000000110000
11111111111111111101110011010000
11111111111111111101100011100000
11111111111111111101000100100000
11111111111111111100101100110000
11111111111111111100011010100000
11111111111111111100000011010000
11111111111111111011110100000000
11111111111111111011110011000000
11111111111111111011101001010000
11111111111111111011101111010000
11111111111111111100001001010000
11111111111111111100110101010000
11111111111111111101100100100000
11111111111111111110010010010000
11111111111111111111100000010000
00000000000000000000001010010000
00000000000000000001001010000000
00000000000000000010000111110000
00000000000000000011000111110000
00000000000000000011111000010000
00000000000000000100100000010000
00000000000000000101001010000000
00000000000000000101001111000000
00000000000000000110001001000000
00000000000000000110011000100000
00000000000000000110100110010000
00000000000000000110100011010000
00000000000000000110010010010000
00000000000000000110000011000000
00000000000000000101110001100000
00000000000000000101010010000000
00000000000000000100010100010000
00000000000000000011001111100000
00000000000000000010001111010000
00000000000000000001001100100000
00000000000000000000000000000000
11111111111111111110101000000000
11111111111111111101011011110000
11111111111111111100010101010000
11111111111111111011011001000000
11111111111111111010101100100000
11111111111111111001111101000000
11111111111111111001100101010000
11111111111111111001011001110000
11111111111111111001101000000000
11111111111111111001110000100000
11111111111111111001111011000000
11111111111111111010011000010000
11111111111111111010111100010000
11111111111111111011100101000000
11111111111111111100000010010000
11111111111111111100101001100000
11111111111111111101101001110000
11111111111111111110010011110000
11111111111111111111100011110000
00000000000000000000010001010000
